0.475971 0.390567 0.787978 0.509316
0.018337 0.495766 0.868263 0.563296
-0.444258 0.405323 0.798967 0.517920
0.479808 0.391765 0.785050 0.510029
0.022068 0.498594 0.866555 0.564542
-0.441641 0.409517 0.798279 0.520295
0.483654 0.393419 0.781857 0.511009
0.025705 0.501860 0.864567 0.565969
-0.439195 0.414092 0.797268 0.522853
0.487495 0.395525 0.778401 0.512251
0.029236 0.505555 0.862299 0.567570
-0.436926 0.419035 0.795930 0.525576
0.491316 0.398081 0.774687 0.513746
0.032649 0.509670 0.859750 0.569334
-0.434842 0.424333 0.794263 0.528452
0.495103 0.401082 0.770718 0.515487
0.035933 0.514195 0.856920 0.571254
-0.432948 0.429972 0.792262 0.531464
0.498843 0.404521 0.766498 0.517462
0.039077 0.519119 0.853808 0.573318
-0.431248 0.435940 0.789925 0.534598
0.502522 0.408393 0.762028 0.519662
0.042072 0.524430 0.850413 0.575515
-0.429745 0.442220 0.787249 0.537839
0.506128 0.412688 0.757313 0.522072
0.044909 0.530116 0.846735 0.577836
-0.428443 0.448797 0.784231 0.541171
0.509645 0.417398 0.752357 0.524679
0.047576 0.536161 0.842774 0.580269
-0.427345 0.455654 0.780869 0.544580
0.513055 0.422515 0.747165 0.527470
0.050060 0.542551 0.838530 0.582801
-0.426456 0.462771 0.777160 0.548051
0.516343 0.428027 0.741743 0.530431
0.052350 0.549269 0.834004 0.585421
-0.425781 0.470129 0.773104 0.551569
0.519494 0.433925 0.736095 0.533546
0.054436 0.556299 0.829198 0.588118
-0.425322 0.477708 0.768698 0.555119
0.522494 0.440195 0.730225 0.536800
0.056311 0.563623 0.824111 0.590881
-0.425077 0.485491 0.763942 0.558691
0.529268 0.457395 0.714608 0.545436
0.060048 0.583100 0.810178 0.598003
-0.425382 0.505714 0.750535 0.567638
0.531662 0.464844 0.707995 0.549049
0.061154 0.591309 0.804123 0.600910
-0.425861 0.514061 0.744569 0.571197
0.533863 0.472592 0.701176 0.552731
0.062036 0.599727 0.797796 0.603837
-0.426533 0.522529 0.738263 0.574732
-0.800929 0.261983 0.538404 0.412933
0.535865 0.480622 0.694155 0.556465
0.062696 0.608337 0.791198 0.606774
-0.427392 0.531100 0.731621 0.578235
-0.803070 0.269896 0.531257 0.420293
0.537664 0.488916 0.686934 0.560240
0.063135 0.617120 0.784332 0.609712
-0.428429 0.539758 0.724645 0.581699
-0.805299 0.277840 0.523736 0.427449
0.539256 0.497454 0.679517 0.564040
0.063358 0.626056 0.777200 0.612646
-0.429632 0.548488 0.717341 0.585118
-0.807600 0.285805 0.515847 0.434400
0.540638 0.506217 0.671904 0.567855
0.063369 0.635126 0.769805 0.615566
-0.430992 0.557272 0.709714 0.588488
-0.809960 0.293780 0.507600 0.441148
0.541806 0.515186 0.664101 0.571671
0.063172 0.644311 0.762150 0.618466
-0.432499 0.566095 0.701769 0.591803
-0.812366 0.301753 0.499006 0.447691
0.542757 0.524341 0.656112 0.575479
0.062769 0.653591 0.754240 0.621340
-0.434145 0.574939 0.693515 0.595058
-0.814805 0.309710 0.490073 0.454029
0.543485 0.533662 0.647942 0.579267
0.062161 0.662946 0.746082 0.624182
-0.435922 0.583786 0.684957 0.598248
-0.817267 0.317638 0.480813 0.460161
0.543987 0.543130 0.639600 0.583028
0.061352 0.672356 0.737681 0.626986
-0.437820 0.592618 0.676105 0.601369
-0.819738 0.325524 0.471237 0.466089
0.544262 0.552725 0.631089 0.586753
0.060348 0.681802 0.729043 0.629748
-0.439830 0.601420 0.666966 0.604418
-0.822206 0.333357 0.461358 0.471813
0.544311 0.562426 0.622417 0.590433
0.059155 0.691264 0.720177 0.632462
-0.441939 0.610177 0.657552 0.607394
-0.824658 0.341127 0.451190 0.477339
0.884582 0.268066 0.381648 0.418612
0.544135 0.572212 0.613588 0.594061
0.057782 0.700725 0.711088 0.635126
-0.444136 0.618873 0.647872 0.610292
-0.827081 0.348824 0.440748 0.482669
0.885441 0.277785 0.372598 0.427400
0.543740 0.582062 0.604608 0.597631
0.056239 0.710165 0.701786 0.637735
-0.446406 0.627498 0.637940 0.613114
-0.829461 0.356444 0.430049 0.487809
0.886085 0.287645 0.363474 0.435975
0.543126 0.591956 0.595485 0.601137
0.054533 0.719568 0.692278 0.640287
-0.448740 0.636036 0.627766 0.615856
-0.831789 0.363975 0.419106 0.492763
0.886514 0.297622 0.354280 0.444325
0.542300 0.601875 0.586223 0.604574
0.052678 0.728917 0.682573 0.642780
-0.451122 0.644478 0.617363 0.618518
-0.834049 0.371414 0.407938 0.497537
0.886727 0.307694 0.345022 0.452441
0.541270 0.611798 0.576827 0.607938
0.050684 0.738197 0.672679 0.645210
-0.453537 0.652814 0.606744 0.621101
-0.836230 0.378757 0.396563 0.502138
0.886725 0.317841 0.335701 0.460316
0.540045 0.621705 0.567304 0.611225
0.048568 0.747392 0.662605 0.647578
-0.455971 0.661035 0.595922 0.623606
-0.838320 0.386001 0.384998 0.506573
0.886512 0.328040 0.326322 0.467945
0.538635 0.631578 0.557657 0.614430
0.046343 0.756490 0.652361 0.649881
-0.458407 0.669134 0.584912 0.626032
-0.840305 0.393145 0.373262 0.510848
0.886090 0.338270 0.316888 0.475324
0.537050 0.641398 0.547893 0.617552
0.044023 0.765477 0.641956 0.652118
-0.460831 0.677104 0.573729 0.628381
-0.842175 0.400188 0.361373 0.514970
0.885463 0.348509 0.307403 0.482453
0.535299 0.651146 0.538018 0.620588
0.041624 0.774339 0.631401 0.654289
-0.463229 0.684938 0.562387 0.630653
-0.843920 0.407126 0.349352 0.518945
0.884635 0.358737 0.297873 0.489331
0.533393 0.660806 0.528041 0.623537
0.039155 0.783064 0.620707 0.656393
-0.465589 0.692627 0.550903 0.632849
-0.845532 0.413957 0.337216 0.522778
0.883609 0.368936 0.288308 0.495960
0.531339 0.670361 0.517972 0.626396
0.036629 0.791640 0.609889 0.658429
-0.467902 0.700165 0.539292 0.634970
-0.847004 0.420677 0.324986 0.526472
0.882390 0.379087 0.278714 0.502343
0.529146 0.679796 0.507821 0.629165
0.034057 0.800055 0.598959 0.660398
-0.470157 0.707545 0.527573 0.637016
-0.848329 0.427281 0.312681 0.530033
0.880983 0.389171 0.269099 0.508481
0.526825 0.689095 0.497598 0.631844
0.031450 0.808299 0.587931 0.662298
-0.472344 0.714760 0.515762 0.638988
-0.849501 0.433769 0.300321 0.533464
0.879397 0.399168 0.259471 0.514379
0.524388 0.698242 0.487314 0.634432
0.028821 0.816362 0.576821 0.664131
-0.474452 0.721805 0.503878 0.640888
-0.850516 0.440137 0.287927 0.536770
0.877638 0.409062 0.249839 0.520039
0.521845 0.707225 0.476981 0.636928
0.026181 0.824235 0.565642 0.665897
-0.476473 0.728677 0.491939 0.642716
-0.851369 0.446385 0.275519 0.539956
0.872546 0.433226 0.225785 0.533179
0.515106 0.728877 0.451003 0.642769
0.019619 0.843037 0.537497 0.670019
-0.481080 0.745078 0.461975 0.646986
-0.852772 0.461478 0.244579 0.547426
0.870257 0.442621 0.216195 0.538044
0.512292 0.737187 0.440582 0.644948
0.017041 0.850190 0.526200 0.671553
-0.482723 0.751323 0.449991 0.648577
-0.853035 0.467306 0.232286 0.550227
0.867841 0.451836 0.206631 0.542690
0.509432 0.745279 0.430161 0.647037
0.014511 0.857126 0.514902 0.673023
-0.484239 0.757388 0.438036 0.650106
-0.853124 0.473019 0.220073 0.552931
0.865311 0.460856 0.197100 0.547124
0.506542 0.753143 0.419750 0.649038
0.012043 0.863842 0.503620 0.674431
-0.485617 0.763276 0.426130 0.651573
-0.853039 0.478620 0.207960 0.555542
0.862680 0.469666 0.187606 0.551350
0.503639 0.760773 0.409357 0.650951
0.009652 0.870334 0.492367 0.675778
-0.486849 0.768988 0.414290 0.652982
-0.852777 0.484116 0.195967 0.558065
0.859962 0.478252 0.178157 0.555371
0.500735 0.768158 0.398995 0.652779
0.007349 0.876602 0.481160 0.677064
-0.487928 0.774526 0.402536 0.654335
-0.852341 0.489508 0.184114 0.560506
0.857169 0.486602 0.168760 0.559195
0.497847 0.775293 0.388676 0.654521
0.005145 0.882644 0.470015 0.678292
-0.488850 0.779893 0.390886 0.655632
-0.851731 0.494798 0.172419 0.562867
0.854314 0.494703 0.159424 0.562825
0.494984 0.782173 0.378413 0.656179
0.003050 0.888458 0.458949 0.679463
-0.489612 0.785090 0.379360 0.656877
-0.850953 0.499989 0.160902 0.565153
0.851410 0.502547 0.150161 0.566268
0.492160 0.788791 0.368221 0.657756
0.001070 0.894043 0.447979 0.680577
-0.490213 0.790117 0.367976 0.658070
-0.850011 0.505080 0.149581 0.567365
0.848469 0.510123 0.140980 0.569528
0.489387 0.795144 0.358115 0.659253
-0.000786 0.899401 0.437124 0.681637
-0.490650 0.794977 0.356754 0.659213
-0.848911 0.510073 0.138476 0.569506
0.845504 0.517424 0.131893 0.572610
0.486675 0.801229 0.348109 0.660670
-0.002513 0.904531 0.426401 0.682643
-0.490924 0.799672 0.345713 0.660309
-0.847659 0.514967 0.127602 0.571579
0.842528 0.524442 0.122912 0.575520
0.484034 0.807044 0.338218 0.662011
-0.004106 0.909434 0.415828 0.683597
-0.491039 0.804204 0.334870 0.661358
-0.846264 0.519763 0.116977 0.573586
0.839553 0.531172 0.114048 0.578264
0.481473 0.812587 0.328459 0.663276
-0.005561 0.914112 0.405423 0.684501
-0.490995 0.808573 0.324243 0.662361
-0.844734 0.524460 0.106617 0.575528
0.836592 0.537608 0.105312 0.580845
0.479003 0.817859 0.318847 0.664469
-0.006873 0.918568 0.395202 0.685355
-0.490796 0.812784 0.313851 0.663321
-0.843077 0.529057 0.096538 0.577407
0.830764 0.549581 0.088272 0.585542
0.474372 0.827587 0.300119 0.666641
-0.009057 0.926826 0.375383 0.686923
-0.489943 0.820742 0.293835 0.665116
-0.839421 0.537960 0.077279 0.580985
0.827923 0.555109 0.079988 0.587665
0.472231 0.832045 0.291031 0.667625
-0.009920 0.930635 0.365816 0.687640
-0.489296 0.824497 0.284244 0.665955
-0.837439 0.542267 0.068129 0.582689
0.825148 0.560326 0.071872 0.589643
0.470220 0.836234 0.282145 0.668542
-0.010624 0.934236 0.356497 0.688314
-0.488504 0.828109 0.274952 0.666757
-0.835367 0.546483 0.059316 0.584339
0.822451 0.565231 0.063934 0.591481
0.468349 0.840156 0.273472 0.669395
-0.011166 0.937635 0.347442 0.688946
-0.487572 0.831584 0.265972 0.667523
-0.833213 0.550608 0.050853 0.585938
0.819846 0.569821 0.056183 0.593182
0.466625 0.843814 0.265026 0.670186
-0.011544 0.940836 0.338665 0.689539
-0.486503 0.834926 0.257321 0.668256
-0.830989 0.554644 0.042752 0.587488
0.817343 0.574095 0.048630 0.594750
0.465055 0.847212 0.256820 0.670916
-0.011757 0.943845 0.330180 0.690094
-0.485304 0.838137 0.249009 0.668957
-0.828703 0.558591 0.035023 0.588988
0.814952 0.578055 0.041286 0.596189
0.463645 0.850352 0.248868 0.671587
-0.011808 0.946665 0.322002 0.690611
-0.483983 0.841222 0.241053 0.669626
-0.826370 0.562448 0.027676 0.590441
0.812685 0.581701 0.034163 0.597502
0.462398 0.853240 0.241184 0.672202
-0.011697 0.949302 0.314146 0.691093
-0.482548 0.844182 0.233463 0.670265
-0.823999 0.566212 0.020721 0.591846
0.810549 0.585036 0.027274 0.598693
0.461320 0.855880 0.233783 0.672760
-0.011429 0.951761 0.306627 0.691541
-0.481007 0.847019 0.226253 0.670875
-0.821605 0.569881 0.014168 0.593204
0.808552 0.588062 0.020630 0.599767
0.460410 0.858277 0.226678 0.673266
-0.011008 0.954046 0.299457 0.691955
-0.479372 0.849736 0.219433 0.671456
-0.819200 0.573452 0.008022 0.594515
0.806702 0.590786 0.014247 0.600727
0.459668 0.860439 0.219885 0.673720
-0.010443 0.956163 0.292649 0.692338
-0.477656 0.852333 0.213012 0.672009
-0.816798 0.576919 0.002288 0.595777
0.805004 0.593213 0.008135 0.601577
0.459093 0.862373 0.213417 0.674125
-0.009742 0.958115 0.286217 0.692690
-0.475870 0.854809 0.207001 0.672534
-0.814413 0.580277 -0.003027 0.596990
0.803464 0.595349 0.002310 0.602322
0.458684 0.864084 0.207288 0.674482
-0.008911 0.959909 0.280171 0.693012
-0.474027 0.857166 0.201407 0.673032
-0.812059 0.583522 -0.007920 0.598153
0.802086 0.597200 -0.003219 0.602964
0.458439 0.865580 0.201509 0.674793
-0.007960 0.961548 0.274523 0.693306
-0.472140 0.859404 0.196239 0.673503
-0.809748 0.586647 -0.012388 0.599266
0.799383 0.600617 -0.015671 0.604143
0.458533 0.868419 0.188669 0.675382
-0.005100 0.964999 0.262205 0.693922
-0.467296 0.864482 0.185219 0.674565
-0.804235 0.593916 -0.021678 0.601822
0.798608 0.601516 -0.020080 0.604451
0.458850 0.869211 0.184200 0.675546
-0.003782 0.966132 0.258020 0.694124
-0.465334 0.866309 0.181585 0.674945
-0.802164 0.596595 -0.024637 0.602754
0.798013 0.602156 -0.024150 0.604671
0.459321 0.869815 0.180126 0.675671
-0.002374 0.967131 0.254268 0.694301
-0.463374 0.868019 0.178400 0.675299
-0.800184 0.599139 -0.027163 0.603634
0.797599 0.602543 -0.027872 0.604803
0.459944 0.870239 0.176453 0.675758
-0.000885 0.967998 0.250957 0.694455
-0.461426 0.869613 0.175667 0.675629
-0.798306 0.601541 -0.029255 0.604460
0.797367 0.602686 -0.031238 0.604852
0.460713 0.870487 0.173191 0.675809
0.000675 0.968736 0.248092 0.694586
-0.459500 0.871089 0.173388 0.675934
-0.796538 0.603797 -0.030915 0.605232
0.797317 0.602589 -0.034238 0.604819
0.461624 0.870566 0.170348 0.675826
0.002298 0.969349 0.245679 0.694695
-0.457607 0.872445 0.171566 0.676213
-0.794891 0.605901 -0.032142 0.605948
0.797448 0.602261 -0.036865 0.604707
0.462671 0.870480 0.167930 0.675808
0.003974 0.969837 0.243722 0.694781
-0.455759 0.873679 0.170202 0.676466
-0.793372 0.607845 -0.032940 0.606607
0.797757 0.601709 -0.039109 0.604518
0.463844 0.870236 0.165944 0.675758
0.005690 0.970203 0.242226 0.694846
-0.453966 0.874788 0.169295 0.676693
-0.791991 0.609623 -0.033312 0.607207
0.798241 0.600944 -0.040961 0.604255
0.465134 0.869841 0.164398 0.675676
0.007434 0.970449 0.241192 0.694889
-0.452243 0.875767 0.168844 0.676894
-0.790758 0.611225 -0.033264 0.607746
0.798893 0.599976 -0.042413 0.603922
0.466528 0.869302 0.163296 0.675565
0.009191 0.970575 0.240622 0.694912
-0.450602 0.876612 0.168847 0.677066
-0.789680 0.612641 -0.032801 0.608221
0.799708 0.598814 -0.043457 0.603522
0.468017 0.868624 0.162645 0.675424
0.010947 0.970583 0.240518 0.694913
-0.449058 0.877317 0.169298 0.677210
-0.788767 0.613862 -0.031932 0.608629
0.800679 0.597469 -0.044085 0.603057
0.469587 0.867813 0.162448 0.675257
0.012688 0.970472 0.240879 0.694893
-0.447620 0.877878 0.170196 0.677325
-0.788025 0.614880 -0.030663 0.608968
0.801800 0.595949 -0.044293 0.602530
0.471228 0.866874 0.162709 0.675062
0.014402 0.970243 0.241705 0.694853
-0.446300 0.878289 0.171534 0.677409
-0.787459 0.615685 -0.029000 0.609236
0.803063 0.594261 -0.044074 0.601943
0.472929 0.865811 0.163428 0.674841
0.016078 0.969895 0.242993 0.694791
-0.445107 0.878547 0.173307 0.677461
-0.787073 0.616271 -0.026953 0.609431
0.805988 0.590415 -0.042348 0.600596
0.476472 0.863330 0.166244 0.674325
0.019273 0.968838 0.246942 0.694604
-0.443130 0.878581 0.178135 0.677468
-0.786854 0.616756 -0.021735 0.609592
0.807633 0.588269 -0.040837 0.599840
0.478293 0.861916 0.168337 0.674029
0.020774 0.968127 0.249595 0.694478
-0.442358 0.878348 0.181175 0.677420
-0.787024 0.616643 -0.018581 0.609554
0.809389 0.585983 -0.038893 0.599030
0.480133 0.860390 0.170885 0.673710
0.022198 0.967292 0.252692 0.694330
-0.441739 0.877941 0.184623 0.677338
-0.787380 0.616284 -0.015075 0.609435
0.811247 0.583563 -0.036514 0.598168
0.481983 0.858753 0.173885 0.673366
0.023537 0.966329 0.256230 0.694159
-0.441277 0.877356 0.188471 0.677218
-0.787922 0.615672 -0.011224 0.609232
0.813197 0.581012 -0.033701 0.597254
0.483833 0.857005 0.177335 0.672998
0.024783 0.965236 0.260202 0.693964
-0.440975 0.876586 0.192712 0.677061
-0.788649 0.614803 -0.007037 0.608943
0.815231 0.578335 -0.030454 0.596290
0.485673 0.855148 0.181230 0.672606
0.025930 0.964009 0.264601 0.693746
-0.440836 0.875626 0.197337 0.676865
-0.789558 0.613670 -0.002523 0.608565
0.817336 0.575538 -0.026775 0.595276
0.487491 0.853181 0.185566 0.672189
0.026966 0.962645 0.269420 0.693502
-0.440865 0.874470 0.202336 0.676628
-0.790648 0.612267 0.002308 0.608095
0.819502 0.572629 -0.022663 0.594214
0.489275 0.851106 0.190338 0.671748
0.027882 0.961140 0.274648 0.693233
-0.441067 0.873110 0.207696 0.676349
-0.791916 0.610584 0.007443 0.607531
0.821713 0.569613 -0.018121 0.593105
0.491010 0.848925 0.195540 0.671283
0.028668 0.959491 0.280277 0.692937
-0.441447 0.871540 0.213407 0.676026
-0.793361 0.608616 0.012870 0.606868
0.823958 0.566498 -0.013151 0.591952
0.492682 0.846639 0.201165 0.670793
0.029312 0.957693 0.286297 0.692614
-0.442007 0.869752 0.219455 0.675658
-0.794977 0.606355 0.018577 0.606102
0.826224 0.563288 -0.007756 0.590756
0.494280 0.844247 0.207206 0.670279
0.029808 0.955741 0.292694 0.692262
-0.442751 0.867741 0.225827 0.675242
-0.796762 0.603795 0.024550 0.605231
0.828497 0.559990 -0.001941 0.589517
0.495793 0.841749 0.213654 0.669740
0.030148 0.953633 0.299460 0.691880
-0.443679 0.865499 0.232510 0.674776
-0.798708 0.600931 0.030777 0.604251
0.830765 0.556606 0.004287 0.588235
0.497209 0.839144 0.220498 0.669176
0.030327 0.951362 0.306579 0.691468
-0.444789 0.863022 0.239492 0.674260
-0.800809 0.597760 0.037247 0.603158
0.833016 0.553140 0.010922 0.586912
0.498520 0.836431 0.227729 0.668585
0.030340 0.948925 0.314040 0.691024
-0.446080 0.860304 0.246758 0.673692
-0.803058 0.594279 0.043948 0.601949
0.838493 0.544128 0.029230 0.583419
0.501281 0.829158 0.247416 0.666989
0.029631 0.942073 0.334096 0.689767
-0.450073 0.852430 0.266079 0.672030
-0.809260 0.584208 0.061635 0.598398
0.840594 0.540386 0.037217 0.581947
0.502159 0.826045 0.255903 0.666299
0.029048 0.939016 0.342644 0.689202
-0.451963 0.848837 0.274235 0.671264
-0.811948 0.579631 0.069056 0.596758
0.842629 0.536564 0.045568 0.580429
0.502902 0.822808 0.264720 0.665578
0.028297 0.935771 0.351472 0.688600
-0.454008 0.844987 0.282619 0.670439
-0.814736 0.574742 0.076661 0.594986
0.844588 0.532660 0.054270 0.578864
0.503506 0.819443 0.273853 0.664825
0.027379 0.932332 0.360566 0.687958
-0.456201 0.840877 0.291217 0.669552
-0.817613 0.569543 0.084442 0.593080
0.846461 0.528673 0.063313 0.577250
0.503965 0.815946 0.283288 0.664037
0.026297 0.928695 0.369911 0.687276
-0.458533 0.836504 0.300016 0.668601
-0.820566 0.564035 0.092389 0.591035
0.848239 0.524603 0.072683 0.575587
0.504274 0.812314 0.293010 0.663214
0.025052 0.924856 0.379492 0.686551
-0.460997 0.831865 0.309001 0.667585
-0.823585 0.558220 0.100490 0.588848
0.849909 0.520452 0.082369 0.573872
0.504426 0.808544 0.303004 0.662354
0.023644 0.920811 0.389291 0.685783
-0.463587 0.826960 0.318159 0.666502
-0.826658 0.552100 0.108732 0.586513
0.851461 0.516221 0.092356 0.572106
0.504417 0.804634 0.313254 0.661457
0.022074 0.916557 0.399294 0.684970
-0.466295 0.821785 0.327473 0.665350
-0.829773 0.545677 0.117105 0.584025
0.852887 0.511909 0.102632 0.570287
0.504242 0.800581 0.323744 0.660520
0.020345 0.912091 0.409483 0.684111
-0.469113 0.816341 0.336928 0.664126
-0.832919 0.538954 0.125595 0.581380
0.854176 0.507518 0.113181 0.568414
0.503898 0.796383 0.334457 0.659542
0.018459 0.907410 0.419841 0.683204
-0.472032 0.810627 0.346511 0.662830
-0.836083 0.531938 0.134193 0.578573
0.855320 0.503045 0.123987 0.566484
0.503383 0.792037 0.345375 0.658523
0.016422 0.902512 0.430351 0.682248
-0.475041 0.804645 0.356205 0.661459
-0.839252 0.524633 0.142887 0.575599
0.856314 0.498490 0.135034 0.564496
0.502696 0.787540 0.356480 0.657460
0.014240 0.897396 0.440996 0.681241
-0.478129 0.798397 0.365998 0.660012
-0.842413 0.517047 0.151666 0.572452
0.857149 0.493852 0.146304 0.562448
0.501839 0.782889 0.367754 0.656351
0.011920 0.892060 0.451759 0.680183
-0.481285 0.791886 0.375874 0.658487
-0.845553 0.509189 0.160522 0.569129
0.857822 0.489129 0.157780 0.560336
0.500811 0.778081 0.379180 0.655195
0.009470 0.886504 0.462624 0.679071
-0.484497 0.785114 0.385821 0.656883
-0.848658 0.501068 0.169444 0.565624
0.858764 0.476929 0.187251 0.554758
0.497523 0.765359 0.408284 0.652089
0.002840 0.871648 0.490124 0.676049
-0.492679 0.767081 0.410918 0.652514
-0.856181 0.479680 0.191991 0.556031
0.858842 0.471879 0.199302 0.552395
0.495937 0.759978 0.420094 0.650753
0.000019 0.865320 0.501220 0.674739
-0.495973 0.759442 0.421021 0.650620
-0.859058 0.470724 0.201092 0.551850
0.858747 0.466724 0.211475 0.549950
0.494208 0.754425 0.431974 0.649361
-0.002878 0.858772 0.512349 0.673370
-0.499254 0.751571 0.431146 0.648640
-0.861838 0.461561 0.210232 0.547466
0.858481 0.461461 0.223750 0.547417
0.492341 0.748698 0.443905 0.647911
-0.005840 0.852008 0.523496 0.671940
-0.502510 0.743474 0.441282 0.646574
-0.864509 0.452202 0.219404 0.542872
0.858042 0.456089 0.236108 0.544795
0.490344 0.742797 0.455869 0.646400
-0.008855 0.845031 0.534645 0.670448
-0.505728 0.735161 0.451416 0.644420
-0.867060 0.442661 0.228601 0.538064
0.857430 0.450607 0.248529 0.542078
0.488221 0.736722 0.467847 0.644827
-0.011914 0.837844 0.545780 0.668893
-0.508896 0.726642 0.461538 0.642177
-0.869481 0.432953 0.237813 0.533036
0.856646 0.445015 0.260995 0.539263
0.485981 0.730475 0.479821 0.643191
-0.015004 0.830453 0.556886 0.667274
-0.512001 0.717925 0.471635 0.639845
-0.871761 0.423092 0.247034 0.527783
0.855693 0.439313 0.273485 0.536346
0.483631 0.724058 0.491773 0.641490
-0.018115 0.822865 0.567948 0.665591
-0.515031 0.709022 0.481696 0.637422
-0.873891 0.413095 0.256255 0.522298
0.854572 0.433500 0.285979 0.533323
0.481179 0.717473 0.503686 0.639723
-0.021234 0.815085 0.578952 0.663843
-0.517973 0.699945 0.491711 0.634908
-0.875862 0.402977 0.265470 0.516578
0.853289 0.427576 0.298458 0.530190
0.478636 0.710723 0.515540 0.637888
-0.024349 0.807122 0.589883 0.662029
-0.520817 0.690708 0.501670 0.632304
-0.877666 0.392757 0.274671 0.510618
0.851847 0.421542 0.310900 0.526943
0.476010 0.703811 0.527318 0.635984
-0.027447 0.798984 0.600726 0.660149
-0.523549 0.681323 0.511562 0.629609
-0.879294 0.382453 0.283852 0.504413
0.850252 0.415399 0.323288 0.523577
0.473313 0.696743 0.539003 0.634011
-0.030516 0.790679 0.611469 0.658203
-0.526160 0.671805 0.521377 0.626823
-0.880741 0.372081 0.293005 0.497960
0.848510 0.409149 0.335600 0.520088
0.470554 0.689522 0.550579 0.631966
-0.033544 0.782220 0.622099 0.656191
-0.528638 0.662169 0.531107 0.623948
-0.881999 0.361661 0.302124 0.491255
0.846629 0.402792 0.347818 0.516472
0.467748 0.682154 0.562030 0.629850
-0.036516 0.773614 0.632604 0.654113
-0.530971 0.652430 0.540744 0.620983
-0.883063 0.351213 0.311206 0.484295
0.842492 0.389748 0.371893 0.508827
0.462051 0.666991 0.584493 0.625394
-0.042228 0.756007 0.653199 0.649759
-0.535151 0.632713 0.559720 0.614794
-0.884582 0.330316 0.329249 0.469610
0.840257 0.383059 0.383712 0.504784
0.459193 0.659204 0.595477 0.623052
-0.044934 0.747029 0.663271 0.647485
-0.536973 0.622770 0.569049 0.611574
-0.885028 0.319910 0.338207 0.461887
0.837925 0.376260 0.395361 0.500586
0.456347 0.651289 0.606276 0.620632
-0.047523 0.737952 0.673178 0.645147
-0.538603 0.612794 0.578265 0.608272
-0.885259 0.309560 0.347116 0.453911
0.835507 0.369356 0.406822 0.496228
0.453526 0.643255 0.616877 0.618135
-0.049981 0.728788 0.682912 0.642746
-0.540034 0.602803 0.587360 0.604892
-0.885275 0.299286 0.355972 0.445687
0.833014 0.362350 0.418079 0.491705
0.450743 0.635112 0.627266 0.615561
-0.052299 0.719555 0.692464 0.640284
-0.541259 0.592816 0.596328 0.601438
-0.885076 0.289107 0.364770 0.437219
0.830457 0.355249 0.429115 0.487012
0.448011 0.626871 0.637432 0.612910
-0.054465 0.710266 0.701824 0.637763
-0.542272 0.582853 0.605164 0.597914
-0.884663 0.279045 0.373504 0.428514
0.827848 0.348058 0.439913 0.482145
0.445343 0.618542 0.647361 0.610183
-0.056469 0.700938 0.710983 0.635185
-0.543069 0.572932 0.613861 0.594325
-0.884037 0.269120 0.382169 0.419581
0.825199 0.340785 0.450457 0.477099
0.442750 0.610138 0.657042 0.607381
-0.058302 0.691589 0.719935 0.632554
-0.543645 0.563074 0.622413 0.590676
-0.883201 0.259351 0.390759 0.410432
0.822523 0.333438 0.460733 0.471872
0.440246 0.601673 0.666464 0.604505
-0.059955 0.682235 0.728670 0.629873
-0.543998 0.553299 0.630814 0.586973
0.819832 0.326025 0.470726 0.466460
0.437840 0.593160 0.675616 0.601558
-0.061422 0.672896 0.737182 0.627145
-0.544127 0.543626 0.639059 0.583223
0.817137 0.318558 0.480425 0.460861
0.435544 0.584615 0.684490 0.598543
-0.062696 0.663590 0.745465 0.624375
-0.544033 0.534075 0.647141 0.579433
0.814452 0.311046 0.489815 0.455075
0.433368 0.576052 0.693077 0.595463
-0.063771 0.654334 0.753512 0.621568
-0.543716 0.524665 0.655056 0.575612
0.811789 0.303499 0.498885 0.449098
0.431324 0.567487 0.701369 0.592320
-0.064642 0.645149 0.761318 0.618728
-0.543176 0.515418 0.662800 0.571769
0.809164 0.295925 0.507623 0.442928
0.429425 0.558934 0.709357 0.589118
-0.065299 0.636051 0.768879 0.615860
-0.542412 0.506353 0.670370 0.567913
0.802864 0.276921 0.527944 0.426633
0.425398 0.537687 0.727962 0.580877
-0.065955 0.613812 0.786692 0.608612
-0.539517 0.484618 0.688525 0.558294
0.800484 0.269319 0.535437 0.419764
0.424104 0.529284 0.734843 0.577499
-0.065811 0.605167 0.793374 0.605699
-0.537973 0.476345 0.695472 0.554486
0.798203 0.261735 0.542555 0.412699
0.423003 0.520962 0.741396 0.574083
-0.065432 0.596694 0.799797 0.602789
-0.536214 0.468341 0.702233 0.550720
0.422103 0.512737 0.747617 0.570638
-0.064817 0.588412 0.805959 0.599890
-0.534249 0.460623 0.708805 0.547011
0.421410 0.504627 0.753502 0.567169
-0.063966 0.580342 0.811857 0.597013
-0.532083 0.453209 0.715184 0.543372
0.420930 0.496653 0.759048 0.563687
-0.062882 0.572501 0.817489 0.594167
-0.529727 0.446117 0.721366 0.539821
0.420667 0.488831 0.764254 0.560202
-0.061568 0.564910 0.822853 0.591362
-0.527189 0.439361 0.727347 0.536371
0.420623 0.481182 0.769117 0.556723
-0.060029 0.557586 0.827946 0.588607
-0.524481 0.432958 0.733121 0.533039
0.420797 0.473724 0.773637 0.553262
-0.058273 0.550547 0.832768 0.585915
-0.521618 0.426921 0.738684 0.529840
0.421190 0.466479 0.777815 0.549833
-0.056309 0.543812 0.837316 0.583296
-0.518612 0.421261 0.744030 0.526790
0.421800 0.459464 0.781650 0.546447
-0.054145 0.537397 0.841589 0.580761
-0.515477 0.415993 0.749155 0.523905
0.422628 0.452697 0.785144 0.543119
-0.051786 0.531318 0.845588 0.578323
-0.512225 0.411127 0.754056 0.521199
0.423677 0.446193 0.788296 0.539859
-0.049238 0.525590 0.849312 0.575991
-0.508865 0.406675 0.758730 0.518689
0.424945 0.439967 0.791108 0.536683
-0.046508 0.520226 0.852762 0.573778
-0.505409 0.402647 0.763176 0.516388
0.428131 0.428409 0.795719 0.530634
-0.040533 0.510642 0.858838 0.569748
-0.498260 0.395895 0.771365 0.512468
0.430042 0.423109 0.797523 0.527792
-0.037310 0.506447 0.861464 0.567954
-0.494595 0.393186 0.775101 0.510872
0.432157 0.418147 0.798995 0.525090
-0.033944 0.502665 0.863814 0.566319
-0.490887 0.390929 0.778591 0.509532
0.434471 0.413539 0.800138 0.522546
-0.030448 0.499308 0.865889 0.564855
-0.487152 0.389130 0.781831 0.508457
0.436975 0.409299 0.800954 0.520172
-0.026834 0.496383 0.867689 0.563569
-0.483405 0.387792 0.784817 0.507653
0.439660 0.405438 0.801448 0.517986
-0.023118 0.493900 0.869211 0.562469
-0.479661 0.386916 0.787541 0.507126
0.442515 0.401970 0.801624 0.515999
-0.019315 0.491865 0.870457 0.561562
-0.475937 0.386502 0.790000 0.506875
0.445525 0.398909 0.801486 0.514228
-0.015445 0.490284 0.871426 0.560854
-0.472252 0.386547 0.792186 0.506903
0.448676 0.396264 0.801039 0.512684
-0.011526 0.489161 0.872118 0.560350
-0.468624 0.387049 0.794094 0.507206
0.451956 0.394047 0.800289 0.511381
-0.007575 0.488499 0.872531 0.560052
-0.465068 0.388003 0.795717 0.507780
0.455351 0.392265 0.799240 0.510326
-0.003606 0.488302 0.872667 0.559963
-0.461597 0.389407 0.797051 0.508622
0.458850 0.390923 0.797895 0.509528
0.000367 0.488568 0.872526 0.560083
-0.458224 0.391253 0.798092 0.509725
0.462441 0.390026 0.796259 0.508993
0.004329 0.489296 0.872107 0.560411
-0.454960 0.393537 0.798837 0.511079
0.466111 0.389577 0.794336 0.508724
0.008269 0.490485 0.871410 0.560945
-0.451815 0.396250 0.799280 0.512676
